ROOM
VERTICES
-30 -10   0
-30  10   0
  0  10   0
  0 -10   0 
  0 -10  20
  0  10  20
 40 -10  20
 40  10  20
 40 -10 -20
 40  10 -20
-30 -10 -20
-30  10 -20
 30 -10 -20
 30  10 -20
 40 -10   0
 40  10   0
NORMALS
-1 -1 -1
 1 -1 -1
 1  1 -1
-1 -1 -1
 1 -1 -1
 1  1 -1
-1 -1 -1
 1 -1 -1
 1  1 -1
TEXCOORDS
0 0
1 0
1 1
0 1
0 0
1 0
1 1
0 1
INDICES
0 2 3   1 2 0  
3 5 4   3 2 5
4 7 6   4 5 7 
6 9 8   6 7 9 
0 10 11 0 11 1
10 12 13 10 13 11
3 4 6   6 14 3
0 8 10  8 0 14
2 7 5   7 2 15  
1 11 9  9 15 1

ROOM
VERTICES
-10 -10 -10
 10 -10 -10
 10  10 -10
-10  10 -10
-10 -10  10
 10 -10  10
 10  10  10
-10  10  10
NORMALS
-1 -1 -1
 1 -1 -1
 1  1 -1
-1  1 -1
-1 -1  1
 1 -1  1
 1  1  1
-1  1  1
TEXCOORDS
0 0
1 0
1 1
0 1
0 0
1 0
1 1
0 1
INDICES
2 0 1   0 2 3  
6 5 4   4 7 6   
7 4 0   0 3 7   
6 2 1   1 5 6   
6 7 3   3 2 6   
0 5 1   5 0 4 

ROOM
VERTICES
-10 -10 -10
 10 -10 -10
 10  10 -10
-10  10 -10
-10 -10  10
 10 -10  10
 10  10  10
-10  10  10
NORMALS
-1 -1 -1
 1 -1 -1
 1  1 -1
-1  1 -1
-1 -1  1
 1 -1  1
 1  1  1
-1  1  1
TEXCOORDS
0 0
1 0
1 1
0 1
0 0
1 0
1 1
0 1
INDICES
2 0 1   0 2 3  
6 5 4   4 7 6   
7 4 0   0 3 7   
6 2 1   1 5 6   
6 7 3   3 2 6   
0 5 1   5 0 4 

